10.  年度╱期間溢利

貴集團年度╱期間溢利經扣除以下計算：

截至十二月三十一日止年度

截至六月三十日止六個月
二零一五年 二零一六年 二零一七年 二零一七年 二零一八年
人民幣千元 人民幣千元 人民幣千元 人民幣千元 人民幣千元

 
 

 

 

 

 

 

物業、廠房及設備折舊 ......
無形資產攤銷 .....................

折舊及攤銷總額 .................

有關下列各項的經營
  租賃租金
－辦公室物業及員工宿舍
  （最低租賃付款）..............

－餐廳
  －最低租賃付款 ..............
  －或然租金（附註） ..........

物業租金總額 .....................

董事薪酬（附註 11） .............
其他員工成本
  薪金及其他津貼 ..............
  員工福利 ........................
  退休福利供款 .................

員工成本總額 .....................

審計人員酬金 .....................
[ 編纂 ] 開支 ........................

（未經審核）

236,049
3,130
 
239,179
 

281,395
4,523
 
285,918
 

355,377
4,462
 
359,839
 

160,772
2,225
 
162,997
 

289,686
3,884
 
293,570
 

15,229
 

14,588
 

33,396
 

10,919
 

25,429
 

237,745
16,508
 
254,253
 
269,482
 
13,909

259,434
24,345
 
283,779
 
298,367
 
27,216

334,033
47,433
 
381,466
 
414,862
 
27,775

149,274
19,154
 
168,428
 
179,347
 
10,924

213,597
33,275
 
246,872
 
272,301
 
12,261

1,318,273
190,951
48,744
 
1,571,877
 
952
[ 編纂 ]
 

1,711,834
225,099
80,143
 
2,044,292
 
1,329
[ 編纂 ]
 

2,594,158
372,973
124,793
 
3,119,699
 
2,206
[ 編纂 ]
 

1,169,880
157,306
52,613
 
1,390,723
 
－
[ 編纂 ]
 

1,866,581
233,622
90,253
 
2,202,717
 
1,990
[ 編纂 ]
 

附註：
或然租金指根據收益的預定百分比計算的經營租金減相關租賃的最低租金。

– I-42 –

附錄一 會計師報告本文件為草擬本，其所載資料並不完整及可作更改。閱讀本文件有關資料時，必須一併細閱本文件首頁「警告」一節。