下表載列截至所示期間及於所示日期的餐廳數量以及按地區劃分的餐廳經營所得總收

入明細。

中國內地
  一線城市..........................
  二線城市..........................
  三線及以下城市 ...............

  小計 .................................

中國內地以外
  新加坡 .............................
  台灣 .................................
  韓國 .................................
  日本 .................................
  美國 .................................
  香港 .................................

  小計 .................................

餐廳總數╱餐廳
  經營所得總收入 ...............

  扣除：
  會員積分計劃 ..................

餐廳總數╱餐廳
  經營收入總額 ..................

截至十二月三十一日及截至十二月三十一日止年度

 
 

二零一六年

二零一七年

 

二零一五年

 

數量
 

 

總收入╱收入
（人民幣千元）

數量
 

 

總收入╱收入
（人民幣千元）

數量
 

 

總收入╱收入
（人民幣千元）

50
71
18
 

2,316,797
2,879,563
310,178
 
139 5,506,538
 

 

55
83
29
 

2,713,753
3,776,360
733,596
 
167 7,223,709
 

 

65
120
69
 

2,959,223
5,230,981
1,518,374
 
254 9,708,578
 

 

 

截至六月三十日及截至六月三十日止六個月
二零一八年
二零一七年
 
 
 
 

數量

數量

總收入╱收入
 
（人民幣千元）
（未經審核）

總收入╱收入
 
（人民幣千元）

57
95
39
 

1,427,081
2,339,596
636,389
 
191 4,403,066
 

 

78
153
85
 

1,800,232
3,467,689
1,401,431
 
316 6,669,352
 

 

193,553
3
13,736
1
26,452
1
13,327
1
30,005
1
－
－
 
 
7 277,073
 
 

258,685
4
57,599
1
46,402
2
38,056
1
38,403
1
－
－
 
 
9 439,145
 
 

353,993
6
158,449
5
72,503
3
55,488
2
46,737
2
16,211
1
 
 
19 703,381
 
 

156,145
4
41,080
2
29,703
3
23,363
1
22,373
2
－
0
 
 
12 272,664
 
 

228,988
8
108,601
6
48,367
4
50,734
2
61,167
4
34,459
1
 
 
25 532,316
 
 

146
 

5,783,611
 

176
 

7,662,854
 

273 10,411,959
 

 

203
 

4,675,730
 

341
 

7,201,668
 

(130,522)
 

(27,258)
 

(23,862)
 

(29,046)
 

(49,631)
 

146
 

5,653,089
 

176
 

7,635,596
 

273 10,388,097
 

 

203
 

4,646,684
 

341
 

7,152,037
 

– 140 –

業 務本文件為草擬本，其所載資料並不完整及可作更改。閱讀本文件有關資料時，必須一併細閱本文件首頁「警告」一節。