我們的業務同時於中國及海外進行。下表載列於所示期間我們按位置劃分餐廳經營的

總收入明細。

二零一五年

 

截至十二月三十一日止年度

 
 

二零一六年

二零一七年

 

（人民幣千元，百分比除外）

截至六月三十日止六個月
二零一八年
 

二零一七年
 

（未經審核）

 

 

中國內地
  一線城市..............................
  二線城市..............................
  三線及以下城市 ...................

2,316,797
2,879,563
310,178

 

  小計 ..................................... 5,506,538

中國內地以外
  新加坡 .................................
  台灣 .....................................
  韓國 .....................................
  日本 .....................................
  美國 .....................................
  香港 .....................................

 

 

193,553
13,736
26,452
13,327
30,005
－

  小計 ..................................... 277,073

餐廳經營所產生的總收入 ........

扣除：
  會員積分計劃 ......................

餐廳經營所產生的收入 ...........

 

 

 

 

5,783,611

(130,522)

5,653,089

 

 

 

 

 

 

 

 

 

 

40.1%
49.8
5.4

2,713,753
3,776,360
733,596

 

95.2 7,223,709

 

 

 

3.3
0.2
0.5
0.2
0.5
－

4.8

258,685
57,599
46,402
38,056
38,403
－

439,145

100.0% 7,662,854

 

 

 

(27,258)

7,635,596

 

 

 

 

 

35.4%
49.3
9.6

2,959,223
5,230,981
1,518,374

 

94.3 9,708,578

 

 

 

3.4
0.8
0.6
0.5
0.5
－

5.7

353,993
158,449
72,503
55,488
46,737
16,211

703,381

100.0% 10,411,959

 

 

 

(23,862)

10,388,097

28.4%
50.2
14.6

1,427,081
2,339,596
636,389

93.2 4,403,066

 

 

 

3.4
1.5
0.7
0.5
0.4
0.2

6.8

156,145
41,080
29,703
23,363
22,373
—

272,664

100.0% 4,675,730

 

 

 

(29,046)

4,646,684

25.0%
48.2
19.5

92.6

3.2
1.5
0.7
0.7
0.8
0.5

7.4

100.0%

 

 

 

 

 

 

 

 

 

 

30.5%
50.0
13.6

1,800,232
3,467,689
1,401,431

 

94.2 6,669,352

 

 

 

3.3
0.9
0.6
0.5
0.5
—

5.8

228,988
108,601
48,367
50,734
61,167
34,459

532,316

100.0% 7,201,668

 

 

 

(49,631)

7,152,037

截至二零一五年、二零一六年及二零一七年十二月三十一日止年度以及截至二零一七
年及二零一八年六月三十日止六個月，我們的收入中分別有 1.3%、1.9%、2.1%、2.1% 及
1.8% 來自外賣業務。下表所列為影響我們外賣業務所得收入的關鍵表現指標。

截至十二月三十一日止年度

二零一五年 二零一六年 二零一七年

 

 

 
 

 

截至六月三十日止六個月
二零一七年 二零一八年
 

 

外賣訂單數 .........................
每筆外賣訂單平均
  銷售額（人民幣元） ...........

139,339

425,452

703,245

300,812

448,987

531.6

343.4

311.1

324.9

297.0

– 265 –

財務資料本文件為草擬本，其所載資料並不完整及可作更改。閱讀本文件有關資料時，必須一併細閱本文件首頁「警告」一節。