截至十二月三十一日止年度

截至六月三十日止六個月

 

 
 

二零一六年
人民幣千元

 

二零一七年
人民幣千元

 

二零一七年
人民幣千元
（未經審核）

  租賃按金、其他應收款項及預付款項增加 .
  持作交易投資增加（減少） ..........................
  應收關聯方款項增加 .................................
  貿易應付款項增加（減少） ..........................  
  其他應付款項增加 .....................................
  撥備增加 ...................................................
  合約負債增加 ............................................
  應付關聯方款項增加 .................................
經營所得現金 ................................................
  已付所得稅 ................................................
經營活動所得現金淨額 .................................
投資活動
  已收利息 ...................................................
  購買按公允值計入損益的金融資產 ............
  出售按公允值計入損益的
  金融資產所得款項 .................................
 
  購買其他金融資產 .....................................
  出售其他金融資產的所得款項 ...................
  投資於一間聯營公司 .................................
  購買物業、廠房及設備 ..............................
  出售物業、廠房及設備所得款項 ...............
  購買無形資產 ............................................
  貸款予關聯方 ............................................
  收取向關聯方提供的貸款 ..........................
  撤回已質押銀行存款 .................................
  存放已質押銀行存款 .................................
投資活動所用現金淨額 .................................
融資活動
  已付股息 ...................................................
  償還銀行借款 ............................................
  新籌集借款 ................................................
  向關聯方貸款 ............................................
  償還向關聯方所借貸款 ..............................
  發行股份所得款項 .....................................
  注資所得款項 ............................................
  非控股股東出資所得款項 ..........................
  已付利息 ...................................................
  集團重組收購附屬公司（附註 1） .................
融資活動所得（所用）現金淨額 ......................
現金及現金等價物（減少）增加淨額 ...............
四川海底撈分公司所用現金淨額 ...................
年╱期初現金及現金等價物 ..........................
匯率變動的影響 ............................................
年╱期末現金及現金等價物 ..........................

 

二零一五年
人民幣千元

(277,371)
3,096
－
5,853
56,480
673
155,079
78,500
 
801,006
(159,017)
 
641,989
 

194
(56,494)

590
(10,657)
4,713
－
(399,925)
12,241
(12,512)
(836,634)
384,203
－
(1,639)
 
(915,920)
 

－
(76,563)
234,374
5,357
－
－
11,547
－
(3,036)
(13,088)
 
158,591
 
(115,340)
(24,140)
297,128
(53)
 
157,595
 

(52,827)
441
－
19,496
86,914
620
28,045
35,710
 
1,710,241
(296,180)
 
1,414,061
 

398
(841,900)

890,047
(27,437)
26,874
－
(429,466)
5,173
(226)
(1,575,413)
705,574
－
(34,500)
 
(1,280,876)
 

－
(104,866)
269,037
－
(56)
－
1,000
－
(7,313)
(67)
 
157,735
 
290,920
(41,479)
157,595
(160)
 
406,876
 

(194,081)
(7,510)
－
48,951
150,812
1,242
35,330
9,685
 
1,868,137
(468,421)
 
1,399,716
 

1,250
(221,609)

182,162
(254,121)
246,123
(4,000)
(1,242,904)
8,381
(173)
(766,751)
498,211
35,076
(46,500)
 
(1,564,855)
 

－
(263,902)
42,560
1,492,260
(796,778)
107
10,000
－
(8,681)
(370,623)
 
104,943
 
(60,196)
(32,307)
406,876
(32,341)
 
282,032
 

(77,750)
(27,244)
－
(11,991)
17,376
62
24,833
6,454
 
881,837
(264,798)
 
617,039
 

362
(16,452)

16,708
(61,514)
63,340
－
(311,999)
1,839
(28)
(613,628)
172,401
35,076
－
 
(713,895)
 

－
(57,891)
11,852
531,001
(161)
－
10,000
－
(6,995)
(2,012)
 
485,794
 
388,938
(28,461)
406,876
(16,049)
 
751,304
 

 

二零一八年
人民幣千元

(178,574)
34,985
(23,175)
242,843
68,378
－
63,847
71,727
 
1,296,179
(293,271)
 
1,002,908
 

454
(965,185)

990,859
(75,696)
92,216
－
(901,446)
14,841
(25,151)
(6,784)
430,695
46,500
－
 
(398,697)
 

(460,890)
(448,206)
1,202,468
712,688
(1,403,623)
－
－
31,380
(7,788)
－
 
(373,971)
 
230,240
－
282,032
18,831
 
531,103
 

– I-14 –

附錄一 會計師報告本文件為草擬本，其所載資料並不完整及可作更改。閱讀本文件有關資料時，必須一併細閱本文件首頁「警告」一節。