保險計劃並作出供款，我們被相關地方當局要求支付社會保險及住房公積金的任何差額的
可能性很低。我們認為，截至二零一五年、二零一六年及二零一七年十二月三十一日及二
零一八年六月三十日，基於適用的社會保險和住房公積金供款或同等而作出的撥備已足夠。

於二零一八年七月二十日，國務院辦公廳印發了《國稅地稅徵管體制改革方案》（「方
案」），將於二零一九年一月一日實施。在評估方案對我們的財務資料的影響（如有）時，董
事認為現行有關社會保險及住房公積金或同等的法律及法規並無變動，而我們於往績記錄
期間就社會保險及住房公積金供款或同等作出的撥備亦已足夠。

我們的經營業績若干組成部分的描述

下表載列於所示期間的經選定綜合損益及其他全面收益表。

二零一五年

 

截至十二月三十一日止年度

 
 

二零一六年

 

截至六月三十日止六個月
二零一八年
 

二零一七年
 

二零一七年

 

（人民幣千元，百分比除外）

收入 ........................................
其他收入 .................................
原材料及易耗品成本 ...............
員工成本 .................................
物業租金及相關開支 ...............
水電開支 .................................
折舊及攤銷..............................
差旅及相關開支 ......................
[編纂]開支
其他開支 .................................
應佔聯營公司溢利 ...................
其他收益及虧損 ......................
財務成本 .................................

除稅前溢利..............................
所得稅開支..............................

年度╱期內溢利 ......................

以下人士應佔年度╱期內
  溢利：
本公司擁有人 ..........................
非控股權益..............................

5,756,682
35,663
(2,599,740)
(1,571,877)
(269,482)
(221,483)
(239,179)
(67,214)
[編纂]
(268,113)
—
8,072
(3,221)

560,108
(149,426)

410,682

272,693
137,989

 

 

 

 

 

 

 

 

100.0% 7,807,686
62,094
(3,179,281)
(2,044,292)
(298,367)
(262,985)
(285,918)
(84,483)
[編纂]
(372,422)
—
12,012
(8,167)

0.6
(45.2)
(27.3)
(4.7)
(3.8)
(4.2)
(1.2)
[編纂]
(4.7)
—
0.1
(0.1)

100.0% 10,637,170
90,753
(4,313,230)
(3,119,699)
(414,862)
(348,577)
(359,839)
(119,598)
[編纂]
(444,998)
482
26,062
(8,614)

0.8
(40.7)
(26.2)
(3.8)
(3.4)
(3.7)
(1.1)
[編纂]
(4.8)
—
0.2
(0.1)

100.0% 4,756,065
40,037
(1,949,182)
(1,390,723)
(179,347)
(148,862)
(162,997)
(47,985)
[編纂]
(160,933)
—
8,186
(6,282)

0.9
(40.5)
(29.3)
(3.9)
(3.3)
(3.4)
(1.1)
[編纂]
(4.2)
0.0
0.2
(0.1)

100.0% 7,342,644
26,986
(3,066,327)
(2,202,717)
(272,301)
(254,635)
(293,570)
(72,387)
[編纂]
(301,373)
5,205
18,826
(8,774)

0.8
(41.0)
(29.2)
(3.8)
(3.1)
(3.4)
(1.0)
[編纂]
(3.4)
—
0.2
(0.1)

9.7
(2.6)

7.1

4.7
2.4%

 

 

 

 

1,345,877
(367,686)

978,191

735,169
243,022

 

 

 

 

17.2
(4.7)

12.5

9.4
3.1%

 

 

 

 

1,625,050
(430,708)

1,194,342

1,027,845
166,497

 

 

 

 

15.3
(4.0)

11.2

9.7
1.6%

 

 

 

 

757,977
(204,828)

553,149

424,804
128,345

 

 

 

 

15.9
(4.3)

11.6

8.9
2.7%

 

 

 

 

900,918
(253,507)

647,411

646,488
923

 

 

 

 

100.0%
0.4
(41.8)
(30.0)
(3.7)
(3.5)
(4.0)
(1.0)
[編纂]
(4.1)
0.1
0.3
(0.1)

12.3
(3.5)

8.8

8.8
0.0%

– 263 –

財務資料本文件為草擬本，其所載資料並不完整及可作更改。閱讀本文件有關資料時，必須一併細閱本文件首頁「警告」一節。