綜合財務狀況表

非流動資產
物業、廠房及設備 ..........
無形資產 ........................
於一間聯營公司的投資 ..
應收一名關聯方款項 ......
按公允值計入損益的
  金融資產 ....................
遞延稅項資產 .................
租賃按金 ........................

流動資產
存貨 ...............................
貿易及其他應收款項及
  預付款項 ....................
應收關聯方款項 .............
按公允值計入損益的
  金融資產 ....................
其他金融資產 .................
已抵押銀行存款 .............
銀行結餘及現金 .............

流動負債
貿易應付款項 .................
其他應付款項 .................
應付關聯方款項 .............
應付股息 ........................
應付稅項 ........................
借款 ...............................
合約負債 ........................

流動負債淨額 .................

總資產減流動負債 ..........

附註

 

 

二零一五年
人民幣千元

於十二月三十一日

 
 

二零一六年
人民幣千元

15
16
17
39

22
18

19

21
39

22
23
24
24

25
26
39

27
29

796,628
19,219
－
305,319

6,494
42,177
52,719

1,222,556

41,065

175,473
748,336

52,954
7,000
1,639
157,595

1,184,062

100,272
284,743
154,319
－
45,490
414,391
245,204

1,244,419

(60,357)

1,162,199

 

 

 

 

 

 

 

 

– I-6 –

 

 

 

 

 

 

 

 

943,041
14,954
－
410,518

6,937
49,000
68,398

1,492,848

49,707

246,678
502,242

7,323
7,636
36,213
406,876

1,256,675

119,768
363,979
212,505
－
105,366
567,451
273,249

1,642,318

(385,643)

1,107,205

 

 

 

 

 

 

 

 

 

二零一七年
人民幣千元

 
 

於六月三十日
二零一八年
人民幣千元

2,085,428
10,619
4,482
－

－
52,754
120,848

2,274,131

 

 

2,760,541
31,876
9,687
－

12,585
67,420
163,962

3,046,071

95,118

325,439

497,616
444,213

78,857
16,201
47,657
282,032

1,461,694

168,719
510,735
1,202,588
－
79,752
347,764
308,579

2,618,137

(1,156,443)

1,117,688

 

 

 

 

 

 

568,538
43,559

12,674
－
1,147
531,103

1,482,460

411,562
589,665
651,185
128,416
67,020
1,094,241
372,426

3,314,515

(1,832,055)

1,214,016

附錄一 會計師報告本文件為草擬本，其所載資料並不完整及可作更改。閱讀本文件有關資料時，必須一併細閱本文件首頁「警告」一節。