貴集團歷史財務資料

編製歷史財務資料

下文所載歷史財務資料構成本會計師報告的一部分。

歷史財務資料所依據有關貴集團於往績記錄期的綜合財務報表（「相關財務報表」）乃根
據與國際會計準則委員會（「國際會計準則委員會」）頒佈的《國際財務報告準則》（「國際財務
報告準則」）一致的會計政策編製，且我們已根據國際審計與鑑證準則理事會頒佈的《國際審
計準則》對其進行審核。

歷史財務資料以人民幣（「人民幣」）呈列，除另有指明外，所有金額約整至最接近千位

（人民幣千元）。

綜合損益及其他全面收益表

附註
 

 

二零一五年
人民幣千元

 
 

二零一六年
人民幣千元

截至十二月三十一日止年度

截至六月三十日止六個月

 

 

二零一七年
人民幣千元

 

二零一七年
人民幣千元
（未經審核）

 

二零一八年
人民幣千元

收入 .........................................
其他收入 ..................................
原材料及易耗品成本 ................
員工成本 ..................................
物業租金及相關開支 ................
水電開支 ..................................
折舊及攤銷 ..............................
差旅及相關開支 .......................
[ 編纂 ] 開支 ..............................
其他開支 ..................................
應佔聯營公司溢利 ....................
其他收益及虧損 .......................
財務成本 ..................................

除稅前溢利 ..............................
所得稅開支 ..............................

5
6

7
8

9

年度╱期間溢利 .......................

10

5,756,682
35,663
(2,599,740)
(1,571,877)
(269,482)
(221,483)
(239,179)
(67,214)
[ 編纂 ]
(268,113)
－
8,072
(3,221)
 
560,108
(149,426)
 
410,682
 

7,807,686
62,094
(3,179,281)
(2,044,292)
(298,367)
(262,985)
(285,918)
(84,483)
[ 編纂 ]
(372,422)
－
12,012
(8,167)
 
1,345,877
(367,686)
 
978,191
 

10,637,170
90,753
(4,313,230)
(3,119,699)
(414,862)
(348,577)
(359,839)
(119,598)
[ 編纂 ]
(444,998)
482
26,062
(8,614)
 
1,625,050
(430,708)
 
1,194,342
 

4,756,065
40,037
(1,949,182)
(1,390,723)
(179,347)
(148,862)
(162,997)
(47,985)
[ 編纂 ]
(160,933)
－
8,186
(6,282)
 
757,977
(204,828)
 
553,149
 

7,342,644
26,986
(3,066,327)
(2,202,717)
(272,301)
(254,635)
(293,570)
(72,387)
[ 編纂 ]
(301,373)
5,205
18,826
(8,774)
 
900,918
(253,507)
 
647,411
 

– I-4 –

附錄一 會計師報告本文件為草擬本，其所載資料並不完整及可作更改。閱讀本文件有關資料時，必須一併細閱本文件首頁「警告」一節。