下表載列於所示期間現有餐廳、新開設餐廳及已關閉餐廳的餐廳經營所產生的總收入。

截至十二月三十一日止年度

二零一五年 二零一六年 二零一七年

 

 
 

 

截至

六月三十日止六個月

 

二零一七年 二零一八年

 

 

現有餐廳總收入 (1) ..............
期內新開設的餐廳總收入 ...
期內關閉的餐廳總收入 ......

餐廳經營所產生
  的總收入 (2)  ....................

扣除：
會員積分計劃  ....................

餐廳經營所產生
  的收入總額  ....................

外賣業務  ...........................
調味料產品及食材銷售  .....

收入總額  ...........................

 

 

 

（人民幣千元）

5,210,373
539,300
33,938
 

7,121,446
492,711
48,697
 

9,001,610
1,376,537
33,812
 

4,396,850
245,068
33,812
 

6,539,665
640,088
21,915
 

5,783,611

7,662,854 10,411,959

4,675,730

7,201,668

 

 

 

 

(130,522)

(27,258)

(23,862)

(29,046)

(49,631)

 

 

 

 

 

5,653,089

7,635,596 10,388,097

4,646,684

7,152,037

74,073
29,520
 
5,756,682

 

 

 

146,118
25,972
 

218,762
30,311
 
7,807,686 10,637,170

 

 

 

97,730
11,651
 
4,756,065

 

 

133,357
57,250
 
7,342,644

(1)  我們將現有餐廳界定為於各自期初前已開業且於同期仍開業的餐廳。

(2)  總收入已扣除稅金及附加稅（於會員積分計劃調整前）。

我們的總收入因餐廳網絡迅速擴張而增長。我們於二零一七年及二零一八年上半年開
設的新餐廳數目大幅增加，原因是我們於二零一六年年中重組內部管理結構，以實施自下
而上驅動項目驗證流程。有關詳情，請參閱「業務－組織架構」。我們的收入亦受到我們餐
廳網絡擴展時間的影響。我們於二零一七年整個年度均在開設新餐廳，集中在第三及第四
季度開店，超過 70 家新餐廳乃於二零一七年六月份之後開業。該等餐廳預計在二零一八年
全年經營，因此，於二零一七年所開的餐廳的產生的收入將預期錄得大幅增加。於往績記
錄期我們僅有八家餐廳關閉，對我們的財務表現並無重大影響。

– 253 –

財務資料本文件為草擬本，其所載資料並不完整及可作更改。閱讀本文件有關資料時，必須一併細閱本文件首頁「警告」一節。