 

行业研究。。。。。。。。。。 

大部分公司应付账款周转天数保持相对稳定。 

大部分企业营业周期保持稳定或略有上升。崇达技术、世运电路、明阳电路、金安

国纪相对较短。深南电路、金安国纪则有下降的趋势。 

图表44： 2014~2018H1 各公司应付账款周转天数和营业周期 

2014 年 

2015 年 

2016 年 

2017 年 

2018H1 

企业名称 

应付账款 

应付账款 

应付账款 

应付账款 

应付账款 

周转天数 

周转天数 

周转天数 

周转天数 

周转天数 

2014 年 

2015 年 

2016 年 

2017 年 

2018H1 

营业周期 

营业周期 

营业周期 

营业周期 

营业周期 

深南电路 

方正科技 

沪电股份 

超声电子 

景旺电子 

依顿电子 

兴森科技 

崇达技术 

胜宏科技 

世运电路 

博敏电子 

奥士康 

中京电子 

明阳电路 

广东骏亚 

天津普林 

生益科技 

金安国纪 

华正新材 

东山精密 

弘信电子 

丹邦科技 

60   

79   

95   

67   

103   

115   

86   

106   

118   

96   

160   

124   

95   

135   

141   

90   

84   

86   

86   

122   

98   

36   

超华科技 

101   

60   

109   

98   

70   

111   

105   

73   

103   

129   

83   

153   

141   

132   

126   

164   

90   

82   

87   

95   

139   

109   

57   

98   

54   

117   

98   

75   

107   

118   

66   

127   

116   

90   

136   

148   

130   

126   

145   

89   

84   

91   

79   

104   

128   

73   

90   

61   

164   

90   

75   

101   

117   

75   

122   

130   

83   

132   

137   

111   

110   

118   

96   

79   

85   

77   

99   

94   

42   

84   

74   

166   

98   

76   

113   

112   

82   

113   

147   

115   

135   

133   

114   

114   

127   

93   

80   

77   

76   

131   

94   

41   

86   

141   

100   

127   

142   

137   

159   

138   

102   

170   

107   

142   

121   

154   

113   

150   

194   

187   

122   

159   

181   

149   

138   

312   

149   

140   

142   

163   

145   

150   

139   

109   

170   

101   

153   

151   

168   

113   

154   

234   

193   

111   

176   

241   

148   

243   

373   

123   

153   

147   

179   

152   

160   

136   

118   

164   

115   

151   

166   

177   

115   

149   

202   

177   

103   

159   

198   

185   

416   

344   

125   

235   

148   

165   

153   

155   

146   

116   

173   

122   

142   

159   

167   

113   

145   

171   

172   

99   

172   

190   

141   

319   

260   

138   

300   

168   

172   

174   

168   

160   

117   

168   

135   

151   

157   

191   

125   

157   

179   

186   

101   

191   

254   

145   

306   

293   

资料来源：Wind、联讯证券                                                                                                                                                     

 

 

请务必阅读最后特别声明与免责条款 

www.lxsec.com    

32 / 51 

