 

行业研究。。。。。。。。。。 

大部分企业固定资产周转率保持稳定或略有下降。景旺电子、依顿电子、生益科技、

金安国纪相对较高。东山精密、景旺电子、依顿电子、世运电路、明阳电路整体呈上升
趋势。 

大部分公司总资产周转率保持相对稳定或者略有下降。沪电股份、兴森科技、明阳
电路大致呈上升趋势。景旺电子、世运电路、明阳电路、广东骏亚、金安国纪、华正新

材保持相对较高水平。 

图表45： 2013~2017 年各公司固定资产周转率和营业周期 

2013 年 

2014 年 

2015 年 

2016 年 

2017 年 

2013 年 

2014 年 

2015 年 

2016 年 

2017 年 

企业名称 

固定资产 

固定资产 

固定资产 

固定资产 

固定资产 

总资产 

总资产 

总资产 

总资产 

总资产 

周转率 

周转率 

周转率 

周转率 

周转率 

周转率 

周转率 

周转率 

周转率 

周转率 

深南电路 

方正科技 

沪电股份 

超声电子 

景旺电子 

依顿电子 

兴森科技 

崇达技术 

胜宏科技 

世运电路 

博敏电子 

奥士康 

中京电子 

明阳电路 

广东骏亚 

天津普林 

生益科技 

金安国纪 

华正新材 

东山精密 

弘信电子 

丹邦科技 

超华科技 

2.07   

2.53   

2.51   

2.70   

3.45   

2.87   

1.31   

2.31   

2.65   

2.11   

2.28   

2.38   

2.86   

- 

3.42   

1.39   

3.32   

5.40   

5.44   

2.54   

3.45   

0.51   

1.76   

2.37   

2.69   

1.69   

2.73   

2.85   

2.96   

1.23   

2.18   

2.67   

2.19   

1.82   

3.07   

1.27   

2.66   

3.08   

1.64   

3.11   

4.54   

4.85   

2.82   

2.12   

0.64   

2.02   

1.55   

2.12   

1.28   

2.19   

2.66   

3.36   

1.42   

2.26   

2.44   

2.65   

1.56   

2.65   

0.93   

2.66   

2.71   

1.43   

2.63   

4.01   

4.62   

2.57   

1.82   

0.48   

1.77   

1.66   

2.04   

1.43   

2.17   

3.08   

3.41   

1.76   

2.00   

2.69   

3.41   

1.73   

2.40   

1.22   

2.87   

2.57   

1.63   

2.53   

3.92   

6.07   

3.72   

1.93   

0.28   

1.73   

2.02   

1.48   

1.80   

2.71   

3.71   

3.82   

2.06   

1.93   

2.33   

4.13   

1.96   

2.38   

1.63   

3.09   

2.89   

1.98   

3.00   

4.63   

5.81   

4.49   

2.47   

0.27   

2.15   

0.88   

0.81   

0.64   

0.94   

1.15   

0.88   

0.62   

1.00   

0.91   

1.08   

0.92   

1.04   

0.57   

-   

1.47   

0.64   

0.90   

1.02   

1.12   

0.88   

1.10   

0.17   

0.45   

0.99   

0.88   

0.64   

0.91   

1.11   

0.67   

0.68   

1.10   

0.92   

1.10   

0.82   

1.20   

0.52   

1.12   

1.13   

0.64   

0.91   

0.96   

1.11   

0.84   

0.89   

0.23   

0.51   

0.80   

0.70   

0.62   

0.78   

1.08   

0.59   

0.66   

1.00   

0.79   

1.18   

0.72   

1.00   

0.50   

1.10   

1.03   

0.50   

0.89   

1.02   

1.02   

0.66   

0.86   

0.18   

0.42   

0.93   

0.66   

0.70   

0.76   

0.94   

0.53   

0.73   

0.83   

0.84   

1.23   

0.73   

0.97   

0.56   

1.12   

1.05   

0.55   

0.93   

1.04   

1.10   

0.76   

0.76   

0.11   

0.41   

0.90   

0.47   

0.82   

0.88   

0.92   

0.58   

0.76   

0.74   

0.76   

0.91   

0.82   

0.78   

0.67   

1.17   

0.98   

0.69   

0.96   

1.01   

0.96   

0.83   

0.92   

0.13   

0.53   

资料来源：Wind、联讯证券                                                                                                                                                      *加粗为呈上升趋势 

 

 

请务必阅读最后特别声明与免责条款 

www.lxsec.com    

33 / 51 

