 

行业研究。。。。。。。。。。 

大部分企业存货周转天数处于上升趋势。生益科技、金安国纪存货周转天数近期有

所下降。 

大部分企业应收账款周转天数比较稳定。深南电路、广东骏亚、天津普林、金安国

纪近期处于下降趋势。 

图表43： 2014~2018H1 各公司存货周转天数和应收账款周转天数 

2014 年 

2015 年 

2016 年 

2017 年 

2018H1 

2014 年 

2015 年 

2016 年 

2017 年 

2018H1 

企业名称 

存货 

存货 

存货 

存货 

存货 

应收账款 

应收账款 

应收账款 

应收账款 

应收账款 

周转天数 

周转天数 

周转天数 

周转天数 

周转天数 

周转天数 

周转天数 

周转天数 

周转天数 

周转天数 

深南电路 

方正科技 

沪电股份 

超声电子 

景旺电子 

依顿电子 

兴森科技 

崇达技术 

胜宏科技 

世运电路 

博敏电子 

奥士康 

中京电子 

明阳电路 

广东骏亚 

天津普林 

生益科技 

金安国纪 

华正新材 

东山精密 

弘信电子 

丹邦科技 

75   

44   

52   

59   

40   

44   

41   

38   

49   

36   

64   

47   

64   

47   

59   

90   

69   

29   

47   

85   

34   

28   

超华科技 

158   

80   

61   

60   

65   

42   

40   

43   

39   

48   

32   

63   

51   

68   

46   

64   

68   

60   

70   

71   

47   

41   

43   

47   

46   

37   

67   

59   

80   

49   

65   

114   

102   

72   

29   

52   

111   

35   

36   

178   

59   

27   

46   

90   

44   

60   

67   

56   

76   

83   

98   

115   

97   

63   

121   

71   

78   

74   

90   

65   

91   

104   

118   

93   

112   

96   

115   

110   

153   

69   

79   

81   

98   

103   

111   

96   

70   

55   

93   

78   

108   

106   

119   

94   

70   

122   

118   

78   

85   

50   

121   

80   

100   

102   

112   

101   

68   

119   

82   

72   

53   

128   

94   

106   

112   

123   

107   

71   

112   

88   

76   

69   

90   

100   

100   

67   

91   

120   

121   

83   

124   

130   

113   

207   

194   

107   

105   

106   

98   

66   

83   

100   

118   

76   

114   

108   

141   

356   

184   

90   

61   

75   

89   

113   

74   

119   

110   

104   

242   

129   

98   

69   

77   

102   

118   

78   

133   

150   

111   

163   

138   

75   

114   

85   

171   

68   

65   

51   

43   

45   

49   

54   

40   

71   

54   

77   

52   

71   

82   

58   

25   

53   

80   

37   

77   

75   

66   

62   

45   

53   

46   

56   

47   

76   

51   

93   

56   

81   

77   

68   

22   

58   

104   

34   

143   

155   

159   

130   

资料来源：Wind、联讯证券                                                                                                                                                      *加粗为呈下降趋势 

 

 

请务必阅读最后特别声明与免责条款 

www.lxsec.com    

31 / 51 

