 

行业研究。。。。。。。。。。 

PCB 制造企业员工人数大多在数千人级别。2017 年景旺电子、生益科技、方正科
技员工人数均超过 8000 人。2014~2017 年景旺电子、胜宏科技、博敏电子、奥士康员
工人数持续增长。景旺电子、胜宏科技员工人数增长较快。沪电股份、依顿电子、天津

普林、生益科技员工人数有所下降。 

2017 年各公司人均薪酬大部分在 7~12 万元。兴森科技人均薪酬最高，达到 15.2
万元。深南电路、方正科技、沪电股份、超声电子、崇达技术、生益科技、华正新材、
东山精密在 10 万元以上。规模较大的公司人均薪酬相对较高。2014~2017 年各公司人
均薪酬基本呈现上升趋势。 

图表34： 2014~2017 年各公司员工人数和人均薪酬 

企业名称 

深南电路 

方正科技 

沪电股份 

超声电子 

景旺电子 

依顿电子 

兴森科技 

崇达技术 

胜宏科技 

世运电路 

博敏电子 

奥士康 

中京电子 

明阳电路 

广东骏亚 

天津普林 

生益科技 

金安国纪 

华正新材 

东山精密 

弘信电子 

丹邦科技 

超华科技 

2014 年 

2015 年 

2016 年 

2017 年 

员工人数 

员工人数 

员工人数 

员工人数 

2014 年 

2015 年 

2016 年 

2017 年 

人均薪酬 

人均薪酬 

人均薪酬 

人均薪酬 

（万元） 

（万元） 

（万元） 

（万元） 

7852 

7253 

9026 

6394 

6110 

8482 

4341 

3518 

2715 

3296 

3343 

2471 

1818 

1541 

822 

1696 

9018 

2156 

1021 

7163 

1785 

1682 

2702 

9358 

7291 

7719 

6332 

6942 

8827 

4419 

3491 

3018 

3708 

3584 

2599 

1968 

1817 

2735 

1293 

8629 

2297 

954 

9178 

7456 

7099 

6296 

7431 

7852 

4556 

3790 

3789 

3263 

3586 

2672 

2206 

1940 

2553 

1249 

8415 

2273 

1117 

9494 

8009 

7580 

6594 

8165 

6558 

4920 

4017 

4626 

3838 

3662 

3320 

2162 

2189 

2508 

1042 

8781 

2255 

1346 

10088 

10852 

11907 

3089 

1100 

2674 

3096 

1034 

2619 

3276 

1193 

2402 

8.5   

10.4   

6.1   

8.5   

6.4   

6.0   

8.8   

9.0   

6.3   

6.1   

5.7   

5.4   

5.4   

8.3   

8.7   

7.6   

9.1   

6.2   

7.5   

7.9   

8.3   

5.3   

5.7   

8.2   

11.0   

8.2   

9.3   

6.9   

6.9   

10.7   

10.8   

7.5   

6.5   

6.3   

6.7   

6.3   

7.9   

4.3   

8.7   

10.1   

7.0   

9.7   

7.9   

5.2   

6.7   

5.8   

9.5   

10.8   

9.4   

9.5   

7.8   

6.9   

15.5   

11.8   

7.5   

8.2   

7.0   

7.8   

7.0   

8.4   

7.1   

8.2   

11.4   

8.7   

11.0   

10.6   

6.1   

5.8   

5.3   

11.3   

12.4   

11.5   

10.2   

8.5   

7.4   

15.2   

12.1   

7.7   

8.2   

7.7   

7.6   

8.1   

9.0   

8.5   

9.4   

12.8   

8.5   

11.4   

15.0   

8.4   

5.6   

6.1   

资料来源：Wind、联讯证券                                                                                                                                              *加粗为每年均有增长 

 

 

请务必阅读最后特别声明与免责条款 

www.lxsec.com    

22 / 51 

